A = [0,         0,      0;
     0,         0,      v;
     0,         0       0];
B = [1,         0;
     0,         0;
     0,         v/L];
C = [1, 0, 0;
     0, 1, 0];
D = [0, 0;
     0, 0];